  1927  28.7595  27.7185  37.9907  38.1760  26.1055  41.5367
  1928  32.9644  42.8178  53.0294  43.5047  35.1765  28.8182
  1929 -48.0875 -41.0010 -42.1224 -25.6117 -13.1381  -9.9453
  1930 -38.5343 -35.2179 -44.0618 -31.4050 -34.9219 -45.5157
  1931 -44.9178 -44.3250 -40.9632 -39.0027 -53.3280 -53.9696
  1932 -13.3491   6.9272  41.9976  -6.5630  -5.9891   3.2617
  1933 128.6622 167.6380 227.2169  66.0555 117.2112 133.9329
  1934  43.3485  25.8355  22.8287  17.3126  15.5398 -18.1778
  1935  47.0115  75.0093  75.5945  39.1340  49.6135  56.6658
  1936  41.0903  53.6346  88.4929  26.5919  45.1866  49.7943
  1937 -51.6842 -51.9587 -51.2537 -38.5849 -40.4230 -46.4170
  1938  43.8178  50.1990  20.0371  43.3602  38.4422  34.2988
  1939  12.1589   5.4016   6.7896   3.9062  -1.8614  -8.7238
  1940  -7.2277  -3.7207 -11.3258  -8.3682  -3.0608  -5.6595
  1941 -16.8641 -15.1548   1.8139 -12.4696  -7.7156   0.1812
  1942  22.5795  34.9049  57.5784  18.1074  22.0053  28.8118
  1943  47.1762  59.5439 128.8423  24.2002  41.0298  52.9144
  1944  45.5726  48.8322  63.4250  19.8173  32.1206  48.5889
  1945  70.4436  71.9684  77.1338  42.3730  53.8515  64.4230
  1946 -14.8952  -9.3803 -11.1576  -8.9287  -3.0389  -8.9696
  1947  -9.5931  -3.6527   6.9930  -0.2175   2.7909   5.6801
  1948  -8.6886  -8.6104  -1.5473  -0.3617  -0.4475   3.1636
  1949  22.0986  21.7170  22.2551  23.0252  20.7757  19.0594
  1950  28.4383  35.9742  56.1852  18.4209  33.3728  62.6452
  1951  17.5789  12.7702  10.1550  20.7608  19.7017  12.7280
  1952   3.8692   8.8337   7.7660  10.6175  12.4377  16.9433
  1953  -1.7241  -2.6990  -7.5159   1.8290  -1.2069  -8.6434
  1954  41.2600  57.6890  67.9727  43.2722  57.5632  69.5323
  1955  15.2774  21.5986  23.6269  21.0704  18.3182  22.6322
  1956   2.1416   4.7367   5.4716   8.7934  10.6050   2.9993
  1957 -20.4648 -14.3354 -16.5342 -10.2059 -10.5338 -19.9605
  1958  79.3013  60.8439  75.7562  47.6571  50.4514  77.0092
  1959  19.8621  19.3461  16.6091  11.0979  14.2609  18.9494
  1960  -3.9047  -2.9503  -6.3129   4.9837   0.8439  -9.8938
  1961  26.4760  32.7859  32.0129  24.9298  31.6755  28.0751
  1962 -21.1556 -15.6198  -8.1484 -15.5197  -9.6516  -7.3250
  1963   9.0509  12.7873  26.0978  14.5013  16.8550  31.2673
  1964  11.3607  20.9401  23.9032  13.5025  19.1119  23.2169
  1965  36.7648  40.3818  49.3170  18.5253  23.6098  27.2093
  1966  -6.7979  -5.7644  -5.1385  -5.7836  -5.5476  -9.9441
  1967 110.4770  97.5478  89.3677  31.2687  29.0425  47.4799
  1968  40.2616  48.7424  62.7702  11.0090  20.1707  35.8344
  1969 -32.1782 -29.2159 -28.4137  -8.7705 -15.8090 -21.4647
  1970 -22.8861 -12.1338   0.4063 -10.7967   5.0598   5.7868
  1971  23.3592  22.1210  18.6938  27.5841  10.6913  15.1951
  1972  -3.8955   2.2195   7.6342  12.5194   7.6880  11.8863
  1973 -46.6433 -37.4196 -32.3952 -34.5753 -21.4625  -9.9988
  1974 -30.0040 -21.5460 -16.8715 -32.0365 -21.1110 -20.3658
  1975  79.8128  73.0668  78.9603  45.8682  52.9925  65.2287
  1976  41.1643  50.2765  65.0195  23.3908  43.8914  51.2917
  1977  25.7380  24.2640  31.3643  -3.6558   2.9228   4.3274
  1978  26.0104  30.0661  32.2667   8.9971   8.5607   8.8662
  1979  54.2292  39.7957  39.5069  30.6060  26.8664  25.4871
  1980  62.7604  36.3581  29.6740  42.9007  30.4673  16.3825
  1981 -15.6168  13.7878  16.8350  -2.8200   5.0318  13.3722
  1982  14.1835  36.4377  43.3600  16.4444  23.6770  34.0511
  1983  27.0019  46.8225  57.6835  16.8066  27.9570  31.2020
  1984 -23.0880  -6.0032   1.7568  -5.1675   2.9805   9.6770
  1985  19.6845  27.8293  22.7563  32.4742  33.0010  33.2193
  1986  -3.3927   8.3169  13.5314  14.6440  18.5886  20.5430
  1987 -18.6909  -7.0290   2.0352   4.0518   1.3191  -2.0540
  1988  14.5084  28.4907  26.2505  15.4265  22.9846  27.6364
  1989   8.0875  13.0640  11.3989  29.7920  21.9838  30.1005
  1990 -23.7009 -18.1609 -24.0450  -3.4867 -12.9083 -15.1540
  1991  63.6509  54.9674  53.6973  41.7386  37.0139  39.0137
  1992  14.9967  26.2654  50.5584  11.4676  17.1404  27.2846
  1993  12.6967  29.7617  37.5603   7.7302  18.5234  18.1270
  1994 -17.0532  -2.2637   6.2755  -0.5580   1.6697  -6.4522
  1995  28.4319  29.4557  34.5069  33.1120  32.0174  42.9671
  1996   2.8965  22.8214  28.2549  15.1959  22.2691  19.6950
  1997   1.0196  25.2933  36.6767  20.7313  33.6713  34.2957
  1998  -7.7711  -5.0736  -3.4464  16.7438   1.1676   6.6635
  1999  53.5154  34.1259  28.1950  32.2601   1.9837   7.0880
  2000 -35.0389   0.7415   4.7265 -13.4979  22.4578  25.4039
  2001  25.1448  35.4100  36.4097  -2.8644   7.5993   5.8041
  2002 -37.3494  -9.8378   3.1153 -24.7582 -14.5984 -25.7295
  2003  88.3678  65.9748  95.3475  39.9620  39.8819  52.7513
  2004  16.0967  23.1722  28.3243  13.9104  20.8367  21.9895
  2005  -3.5273   5.4331   7.9767   7.7501  12.0864  13.2820
  2006   9.8862  20.5664  21.6816  10.8898  13.8825  19.0098
  2007  -2.5073  -9.2757 -14.8974  10.5705   4.7479  -7.5665
  2008 -47.1593 -41.5148 -46.6426 -41.1448 -42.7023 -38.4337
  2009  70.7392  66.4563  65.5905  51.0966  46.0199  46.1141
  2010  26.5661  30.6862  28.6563  27.1355  24.4786  17.0415
  2011 -17.1602  -8.5123  -9.7803   0.4755   1.1848  -4.0851
  2012  12.8381  15.3972  26.5388  16.7494  15.3863  22.5978
  2013  43.2938  45.8101  47.1378  38.2883  35.7947  45.2140
  2014   1.4061   2.6595   2.5028  11.0821  10.5259   5.7708
  2015  -6.0022  -5.9368  -8.8272   0.5079  -3.9414 -12.2953
  2016   1.8666  20.8801  32.7292   8.9326  20.2002  29.6173
  2017  19.5093  15.1489  15.2406  27.9282  18.1520  12.5209
  2018 -15.8571 -17.1520 -18.4144  -4.8661  -9.9846 -18.4750
  2019  32.9149  19.6324  14.4580  33.7560  29.1948  25.9396
  2020  58.5525  35.6190  32.8222  35.6318   9.3759   0.6072